4950 100
0 1 95
0 2 21
0 3 74
0 4 10
0 5 91
0 6 79
0 7 54
0 8 80
0 9 47
0 10 95
0 11 44
0 12 95
0 13 56
0 14 4
0 15 24
0 16 62
0 17 56
0 18 59
0 19 56
0 20 66
0 21 18
0 22 67
0 23 26
0 24 89
0 25 37
0 26 84
0 27 26
0 28 85
0 29 89
0 30 90
0 31 12
0 32 85
0 33 96
0 34 22
0 35 18
0 36 96
0 37 25
0 38 42
0 39 72
0 40 68
0 41 45
0 42 61
0 43 82
0 44 5
0 45 16
0 46 85
0 47 21
0 48 62
0 49 64
0 50 99
0 51 66
0 52 88
0 53 99
0 54 4
0 55 27
0 56 74
0 57 3
0 58 3
0 59 74
0 60 85
0 61 25
0 62 84
0 63 83
0 64 64
0 65 77
0 66 84
0 67 92
0 68 47
0 69 64
0 70 80
0 71 5
0 72 66
0 73 12
0 74 34
0 75 26
0 76 71
0 77 92
0 78 4
0 79 49
0 80 84
0 81 49
0 82 26
0 83 48
0 84 47
0 85 74
0 86 43
0 87 81
0 88 72
0 89 49
0 90 31
0 91 69
0 92 53
0 93 39
0 94 23
0 95 77
0 96 54
0 97 68
0 98 56
0 99 12
1 2 33
1 3 26
1 4 45
1 5 99
1 6 86
1 7 96
1 8 56
1 9 29
1 10 42
1 11 26
1 12 51
1 13 56
1 14 70
1 15 71
1 16 78
1 17 73
1 18 63
1 19 4
1 20 35
1 21 19
1 22 42
1 23 23
1 24 31
1 25 24
1 26 53
1 27 34
1 28 30
1 29 37
1 30 86
1 31 49
1 32 12
1 33 57
1 34 45
1 35 72
1 36 80
1 37 30
1 38 10
1 39 9
1 40 82
1 41 73
1 42 17
1 43 87
1 44 76
1 45 27
1 46 9
1 47 97
1 48 17
1 49 38
1 50 14
1 51 5
1 52 38
1 53 73
1 54 76
1 55 65
1 56 36
1 57 18
1 58 95
1 59 82
1 60 20
1 61 85
1 62 50
1 63 6
1 64 64
1 65 93
1 66 45
1 67 37
1 68 53
1 69 24
1 70 34
1 71 38
1 72 16
1 73 72
1 74 3
1 75 16
1 76 27
1 77 79
1 78 33
1 79 56
1 80 9
1 81 38
1 82 64
1 83 84
1 84 39
1 85 30
1 86 85
1 87 20
1 88 3
1 89 88
1 90 35
1 91 48
1 92 21
1 93 67
1 94 16
1 95 6
1 96 16
1 97 50
1 98 23
1 99 1
2 3 62
2 4 71
2 5 28
2 6 86
2 7 93
2 8 57
2 9 65
2 10 68
2 11 86
2 12 70
2 13 87
2 14 40
2 15 53
2 16 59
2 17 6
2 18 42
2 19 64
2 20 86
2 21 31
2 22 58
2 23 43
2 24 3
2 25 58
2 26 31
2 27 9
2 28 92
2 29 6
2 30 94
2 31 97
2 32 75
2 33 39
2 34 81
2 35 44
2 36 50
2 37 56
2 38 24
2 39 77
2 40 20
2 41 47
2 42 6
2 43 1
2 44 38
2 45 87
2 46 67
2 47 61
2 48 16
2 49 12
2 50 87
2 51 95
2 52 6
2 53 38
2 54 52
2 55 81
2 56 40
2 57 47
2 58 24
2 59 53
2 60 38
2 61 9
2 62 98
2 63 49
2 64 53
2 65 21
2 66 48
2 67 20
2 68 51
2 69 77
2 70 10
2 71 6
2 72 44
2 73 33
2 74 88
2 75 55
2 76 42
2 77 36
2 78 100
2 79 96
2 80 41
2 81 62
2 82 73
2 83 60
2 84 19
2 85 48
2 86 81
2 87 78
2 88 79
2 89 18
2 90 46
2 91 44
2 92 78
2 93 12
2 94 30
2 95 12
2 96 16
2 97 80
2 98 20
2 99 35
3 4 41
3 5 94
3 6 84
3 7 11
3 8 89
3 9 47
3 10 45
3 11 100
3 12 32
3 13 7
3 14 34
3 15 2
3 16 9
3 17 66
3 18 93
3 19 66
3 20 79
3 21 61
3 22 15
3 23 70
3 24 54
3 25 15
3 26 56
3 27 95
3 28 7
3 29 43
3 30 17
3 31 32
3 32 7
3 33 64
3 34 89
3 35 10
3 36 48
3 37 87
3 38 95
3 39 16
3 40 95
3 41 99
3 42 65
3 43 5
3 44 48
3 45 95
3 46 6
3 47 19
3 48 77
3 49 91
3 50 30
3 51 18
3 52 36
3 53 22
3 54 47
3 55 59
3 56 16
3 57 62
3 58 87
3 59 58
3 60 95
3 61 61
3 62 82
3 63 19
3 64 86
3 65 92
3 66 52
3 67 54
3 68 41
3 69 71
3 70 21
3 71 47
3 72 22
3 73 32
3 74 5
3 75 71
3 76 37
3 77 72
3 78 86
3 79 21
3 80 53
3 81 19
3 82 75
3 83 87
3 84 59
3 85 33
3 86 48
3 87 26
3 88 52
3 89 24
3 90 41
3 91 66
3 92 23
3 93 9
3 94 100
3 95 43
3 96 34
3 97 24
3 98 24
3 99 38
4 5 19
4 6 81
4 7 3
4 8 94
4 9 100
4 10 24
4 11 9
4 12 44
4 13 40
4 14 28
4 15 97
4 16 81
4 17 75
4 18 22
4 19 7
4 20 43
4 21 59
4 22 57
4 23 40
4 24 34
4 25 5
4 26 58
4 27 39
4 28 61
4 29 61
4 30 21
4 31 66
4 32 20
4 33 22
4 34 27
4 35 93
4 36 27
4 37 45
4 38 64
4 39 72
4 40 6
4 41 60
4 42 64
4 43 32
4 44 93
4 45 35
4 46 87
4 47 62
4 48 44
4 49 5
4 50 99
4 51 54
4 52 6
4 53 20
4 54 78
4 55 43
4 56 70
4 57 83
4 58 80
4 59 95
4 60 21
4 61 19
4 62 7
4 63 63
4 64 32
4 65 3
4 66 20
4 67 24
4 68 61
4 69 100
4 70 50
4 71 86
4 72 77
4 73 87
4 74 99
4 75 30
4 76 37
4 77 91
4 78 33
4 79 25
4 80 84
4 81 8
4 82 6
4 83 52
4 84 77
4 85 98
4 86 43
4 87 52
4 88 76
4 89 22
4 90 52
4 91 36
4 92 33
4 93 36
4 94 31
4 95 3
4 96 100
4 97 13
4 98 24
4 99 32
5 6 12
5 7 3
5 8 98
5 9 35
5 10 1
5 11 8
5 12 16
5 13 89
5 14 45
5 15 62
5 16 100
5 17 35
5 18 46
5 19 9
5 20 77
5 21 60
5 22 94
5 23 5
5 24 42
5 25 40
5 26 23
5 27 44
5 28 78
5 29 74
5 30 91
5 31 80
5 32 73
5 33 66
5 34 96
5 35 15
5 36 96
5 37 54
5 38 33
5 39 22
5 40 34
5 41 63
5 42 52
5 43 32
5 44 70
5 45 18
5 46 40
5 47 94
5 48 70
5 49 96
5 50 86
5 51 81
5 52 18
5 53 90
5 54 19
5 55 73
5 56 83
5 57 69
5 58 10
5 59 46
5 60 66
5 61 15
5 62 29
5 63 20
5 64 45
5 65 2
5 66 97
5 67 38
5 68 57
5 69 16
5 70 47
5 71 76
5 72 71
5 73 31
5 74 23
5 75 44
5 76 52
5 77 27
5 78 57
5 79 66
5 80 89
5 81 53
5 82 54
5 83 19
5 84 72
5 85 36
5 86 85
5 87 35
5 88 88
5 89 32
5 90 60
5 91 78
5 92 47
5 93 65
5 94 75
5 95 69
5 96 67
5 97 74
5 98 26
5 99 27
6 7 62
6 8 19
6 9 43
6 10 49
6 11 15
6 12 3
6 13 34
6 14 32
6 15 71
6 16 16
6 17 92
6 18 86
6 19 27
6 20 34
6 21 61
6 22 10
6 23 65
6 24 74
6 25 31
6 26 25
6 27 70
6 28 16
6 29 61
6 30 73
6 31 78
6 32 14
6 33 25
6 34 97
6 35 64
6 36 84
6 37 17
6 38 76
6 39 68
6 40 91
6 41 67
6 42 93
6 43 39
6 44 12
6 45 73
6 46 68
6 47 57
6 48 75
6 49 7
6 50 78
6 51 46
6 52 88
6 53 20
6 54 25
6 55 92
6 56 71
6 57 70
6 58 83
6 59 49
6 60 97
6 61 16
6 62 22
6 63 44
6 64 10
6 65 60
6 66 3
6 67 7
6 68 72
6 69 77
6 70 72
6 71 16
6 72 82
6 73 75
6 74 75
6 75 47
6 76 5
6 77 36
6 78 62
6 79 74
6 80 6
6 81 53
6 82 56
6 83 63
6 84 98
6 85 47
6 86 34
6 87 34
6 88 69
6 89 10
6 90 74
6 91 81
6 92 11
6 93 78
6 94 45
6 95 51
6 96 6
6 97 82
6 98 6
6 99 48
7 8 100
7 9 1
7 10 73
7 11 14
7 12 51
7 13 36
7 14 97
7 15 81
7 16 57
7 17 82
7 18 92
7 19 87
7 20 89
7 21 62
7 22 64
7 23 47
7 24 55
7 25 21
7 26 93
7 27 52
7 28 11
7 29 54
7 30 58
7 31 13
7 32 13
7 33 43
7 34 7
7 35 93
7 36 44
7 37 50
7 38 64
7 39 74
7 40 75
7 41 5
7 42 23
7 43 95
7 44 35
7 45 35
7 46 41
7 47 28
7 48 55
7 49 8
7 50 98
7 51 25
7 52 71
7 53 14
7 54 98
7 55 32
7 56 65
7 57 81
7 58 7
7 59 88
7 60 92
7 61 81
7 62 94
7 63 60
7 64 13
7 65 13
7 66 34
7 67 11
7 68 46
7 69 95
7 70 34
7 71 90
7 72 34
7 73 100
7 74 76
7 75 60
7 76 17
7 77 37
7 78 79
7 79 38
7 80 42
7 81 63
7 82 66
7 83 44
7 84 11
7 85 64
7 86 5
7 87 26
7 88 74
7 89 67
7 90 70
7 91 75
7 92 5
7 93 45
7 94 37
7 95 25
7 96 2
7 97 15
7 98 7
7 99 27
8 9 3
8 10 85
8 11 16
8 12 45
8 13 92
8 14 39
8 15 56
8 16 83
8 17 50
8 18 71
8 19 95
8 20 2
8 21 2
8 22 81
8 23 7
8 24 90
8 25 56
8 26 35
8 27 93
8 28 25
8 29 21
8 30 64
8 31 37
8 32 54
8 33 36
8 34 45
8 35 87
8 36 47
8 37 52
8 38 1
8 39 16
8 40 2
8 41 73
8 42 51
8 43 85
8 44 82
8 45 60
8 46 33
8 47 67
8 48 91
8 49 19
8 50 62
8 51 4
8 52 91
8 53 7
8 54 100
8 55 84
8 56 29
8 57 94
8 58 88
8 59 50
8 60 41
8 61 12
8 62 93
8 63 67
8 64 11
8 65 51
8 66 99
8 67 30
8 68 31
8 69 7
8 70 14
8 71 60
8 72 17
8 73 79
8 74 9
8 75 57
8 76 49
8 77 29
8 78 20
8 79 85
8 80 28
8 81 54
8 82 15
8 83 90
8 84 3
8 85 12
8 86 8
8 87 61
8 88 37
8 89 67
8 90 29
8 91 99
8 92 67
8 93 34
8 94 54
8 95 92
8 96 82
8 97 34
8 98 74
8 99 27
9 10 96
9 11 45
9 12 86
9 13 81
9 14 72
9 15 98
9 16 34
9 17 53
9 18 97
9 19 5
9 20 21
9 21 42
9 22 27
9 23 84
9 24 68
9 25 38
9 26 32
9 27 20
9 28 8
9 29 94
9 30 13
9 31 2
9 32 13
9 33 55
9 34 62
9 35 8
9 36 84
9 37 76
9 38 82
9 39 72
9 40 29
9 41 56
9 42 3
9 43 99
9 44 10
9 45 75
9 46 38
9 47 64
9 48 26
9 49 71
9 50 14
9 51 70
9 52 1
9 53 39
9 54 91
9 55 51
9 56 77
9 57 17
9 58 53
9 59 10
9 60 71
9 61 80
9 62 60
9 63 48
9 64 14
9 65 83
9 66 2
9 67 40
9 68 64
9 69 69
9 70 46
9 71 63
9 72 52
9 73 89
9 74 56
9 75 84
9 76 92
9 77 84
9 78 95
9 79 14
9 80 12
9 81 94
9 82 72
9 83 42
9 84 40
9 85 99
9 86 18
9 87 65
9 88 57
9 89 2
9 90 20
9 91 24
9 92 29
9 93 24
9 94 9
9 95 21
9 96 1
9 97 9
9 98 44
9 99 50
10 11 63
10 12 78
10 13 70
10 14 49
10 15 65
10 16 74
10 17 15
10 18 3
10 19 16
10 20 77
10 21 2
10 22 60
10 23 87
10 24 39
10 25 55
10 26 86
10 27 16
10 28 77
10 29 14
10 30 21
10 31 35
10 32 54
10 33 78
10 34 8
10 35 99
10 36 9
10 37 65
10 38 49
10 39 42
10 40 71
10 41 95
10 42 51
10 43 89
10 44 19
10 45 60
10 46 63
10 47 88
10 48 50
10 49 52
10 50 17
10 51 74
10 52 71
10 53 7
10 54 79
10 55 86
10 56 93
10 57 83
10 58 80
10 59 26
10 60 39
10 61 37
10 62 19
10 63 17
10 64 8
10 65 4
10 66 11
10 67 34
10 68 33
10 69 82
10 70 96
10 71 97
10 72 84
10 73 52
10 74 77
10 75 5
10 76 13
10 77 27
10 78 7
10 79 1
10 80 65
10 81 68
10 82 7
10 83 83
10 84 22
10 85 22
10 86 54
10 87 32
10 88 39
10 89 91
10 90 90
10 91 82
10 92 47
10 93 71
10 94 35
10 95 99
10 96 94
10 97 99
10 98 1
10 99 33
11 12 29
11 13 47
11 14 73
11 15 85
11 16 83
11 17 37
11 18 7
11 19 82
11 20 77
11 21 91
11 22 93
11 23 26
11 24 27
11 25 26
11 26 16
11 27 53
11 28 73
11 29 82
11 30 81
11 31 65
11 32 24
11 33 11
11 34 85
11 35 63
11 36 49
11 37 77
11 38 73
11 39 57
11 40 21
11 41 57
11 42 53
11 43 64
11 44 68
11 45 33
11 46 99
11 47 60
11 48 31
11 49 96
11 50 59
11 51 77
11 52 10
11 53 100
11 54 74
11 55 49
11 56 40
11 57 11
11 58 54
11 59 10
11 60 19
11 61 32
11 62 66
11 63 50
11 64 47
11 65 47
11 66 97
11 67 20
11 68 63
11 69 61
11 70 76
11 71 69
11 72 63
11 73 93
11 74 50
11 75 57
11 76 18
11 77 78
11 78 40
11 79 38
11 80 32
11 81 4
11 82 31
11 83 93
11 84 20
11 85 88
11 86 45
11 87 97
11 88 77
11 89 21
11 90 47
11 91 74
11 92 81
11 93 9
11 94 88
11 95 72
11 96 61
11 97 53
11 98 28
11 99 83
12 13 9
12 14 41
12 15 99
12 16 99
12 17 88
12 18 9
12 19 93
12 20 52
12 21 60
12 22 76
12 23 51
12 24 71
12 25 80
12 26 97
12 27 78
12 28 17
12 29 88
12 30 49
12 31 44
12 32 66
12 33 19
12 34 64
12 35 37
12 36 8
12 37 84
12 38 62
12 39 97
12 40 59
12 41 42
12 42 55
12 43 66
12 44 91
12 45 49
12 46 49
12 47 97
12 48 24
12 49 30
12 50 44
12 51 59
12 52 1
12 53 57
12 54 9
12 55 68
12 56 88
12 57 4
12 58 9
12 59 77
12 60 23
12 61 85
12 62 67
12 63 64
12 64 26
12 65 84
12 66 15
12 67 92
12 68 48
12 69 21
12 70 48
12 71 73
12 72 6
12 73 38
12 74 76
12 75 62
12 76 37
12 77 79
12 78 81
12 79 26
12 80 90
12 81 18
12 82 62
12 83 53
12 84 51
12 85 82
12 86 10
12 87 45
12 88 17
12 89 71
12 90 41
12 91 12
12 92 63
12 93 42
12 94 80
12 95 2
12 96 82
12 97 62
12 98 20
12 99 74
13 14 24
13 15 76
13 16 54
13 17 16
13 18 58
13 19 55
13 20 82
13 21 52
13 22 86
13 23 3
13 24 40
13 25 74
13 26 8
13 27 57
13 28 19
13 29 98
13 30 94
13 31 47
13 32 82
13 33 55
13 34 21
13 35 39
13 36 69
13 37 29
13 38 22
13 39 58
13 40 43
13 41 62
13 42 22
13 43 94
13 44 17
13 45 86
13 46 72
13 47 62
13 48 75
13 49 6
13 50 93
13 51 55
13 52 69
13 53 31
13 54 100
13 55 22
13 56 74
13 57 91
13 58 34
13 59 96
13 60 84
13 61 20
13 62 84
13 63 48
13 64 28
13 65 71
13 66 77
13 67 72
13 68 58
13 69 6
13 70 72
13 71 19
13 72 50
13 73 88
13 74 41
13 75 31
13 76 79
13 77 25
13 78 15
13 79 19
13 80 8
13 81 83
13 82 5
13 83 67
13 84 77
13 85 68
13 86 87
13 87 5
13 88 8
13 89 100
13 90 21
13 91 10
13 92 52
13 93 5
13 94 65
13 95 88
13 96 81
13 97 50
13 98 46
13 99 3
14 15 2
14 16 71
14 17 24
14 18 86
14 19 70
14 20 58
14 21 89
14 22 4
14 23 40
14 24 95
14 25 68
14 26 69
14 27 41
14 28 78
14 29 17
14 30 53
14 31 29
14 32 1
14 33 69
14 34 74
14 35 66
14 36 86
14 37 66
14 38 75
14 39 45
14 40 35
14 41 23
14 42 49
14 43 27
14 44 68
14 45 79
14 46 75
14 47 83
14 48 56
14 49 69
14 50 2
14 51 2
14 52 71
14 53 25
14 54 24
14 55 16
14 56 44
14 57 52
14 58 45
14 59 17
14 60 18
14 61 3
14 62 1
14 63 61
14 64 100
14 65 17
14 66 86
14 67 36
14 68 67
14 69 58
14 70 71
14 71 42
14 72 26
14 73 30
14 74 4
14 75 99
14 76 33
14 77 99
14 78 12
14 79 55
14 80 53
14 81 9
14 82 80
14 83 7
14 84 18
14 85 35
14 86 83
14 87 83
14 88 37
14 89 35
14 90 20
14 91 57
14 92 12
14 93 20
14 94 42
14 95 81
14 96 2
14 97 24
14 98 91
14 99 20
15 16 2
15 17 46
15 18 97
15 19 39
15 20 82
15 21 40
15 22 39
15 23 53
15 24 23
15 25 6
15 26 87
15 27 8
15 28 43
15 29 58
15 30 55
15 31 49
15 32 35
15 33 74
15 34 30
15 35 78
15 36 53
15 37 60
15 38 36
15 39 89
15 40 61
15 41 16
15 42 38
15 43 45
15 44 8
15 45 26
15 46 39
15 47 84
15 48 93
15 49 55
15 50 1
15 51 49
15 52 11
15 53 67
15 54 96
15 55 40
15 56 32
15 57 20
15 58 9
15 59 82
15 60 46
15 61 63
15 62 50
15 63 12
15 64 66
15 65 69
15 66 79
15 67 74
15 68 21
15 69 86
15 70 58
15 71 35
15 72 97
15 73 75
15 74 27
15 75 66
15 76 2
15 77 56
15 78 48
15 79 94
15 80 81
15 81 77
15 82 3
15 83 100
15 84 80
15 85 34
15 86 8
15 87 88
15 88 64
15 89 33
15 90 30
15 91 67
15 92 8
15 93 81
15 94 36
15 95 93
15 96 66
15 97 14
15 98 37
15 99 75
16 17 78
16 18 26
16 19 24
16 20 71
16 21 60
16 22 82
16 23 53
16 24 93
16 25 20
16 26 59
16 27 37
16 28 67
16 29 22
16 30 77
16 31 13
16 32 50
16 33 51
16 34 29
16 35 53
16 36 34
16 37 70
16 38 52
16 39 64
16 40 82
16 41 84
16 42 28
16 43 72
16 44 64
16 45 70
16 46 59
16 47 24
16 48 93
16 49 60
16 50 33
16 51 66
16 52 26
16 53 78
16 54 84
16 55 35
16 56 9
16 57 81
16 58 71
16 59 21
16 60 92
16 61 55
16 62 25
16 63 87
16 64 90
16 65 63
16 66 48
16 67 27
16 68 6
16 69 55
16 70 76
16 71 28
16 72 61
16 73 36
16 74 57
16 75 74
16 76 43
16 77 95
16 78 30
16 79 74
16 80 89
16 81 45
16 82 4
16 83 83
16 84 21
16 85 90
16 86 42
16 87 17
16 88 13
16 89 96
16 90 68
16 91 78
16 92 71
16 93 1
16 94 100
16 95 55
16 96 22
16 97 30
16 98 72
16 99 10
17 18 4
17 19 25
17 20 52
17 21 40
17 22 33
17 23 36
17 24 43
17 25 83
17 26 58
17 27 84
17 28 85
17 29 59
17 30 27
17 31 58
17 32 19
17 33 67
17 34 86
17 35 65
17 36 20
17 37 18
17 38 92
17 39 56
17 40 14
17 41 26
17 42 69
17 43 68
17 44 59
17 45 53
17 46 93
17 47 20
17 48 66
17 49 72
17 50 22
17 51 41
17 52 36
17 53 84
17 54 16
17 55 8
17 56 99
17 57 36
17 58 78
17 59 95
17 60 48
17 61 84
17 62 17
17 63 66
17 64 18
17 65 65
17 66 43
17 67 12
17 68 82
17 69 48
17 70 72
17 71 78
17 72 2
17 73 11
17 74 79
17 75 45
17 76 99
17 77 17
17 78 73
17 79 59
17 80 86
17 81 4
17 82 63
17 83 76
17 84 7
17 85 13
17 86 32
17 87 59
17 88 82
17 89 44
17 90 98
17 91 34
17 92 26
17 93 52
17 94 49
17 95 62
17 96 78
17 97 100
17 98 60
17 99 58
18 19 10
18 20 11
18 21 90
18 22 35
18 23 79
18 24 50
18 25 31
18 26 33
18 27 59
18 28 27
18 29 10
18 30 99
18 31 92
18 32 74
18 33 13
18 34 78
18 35 8
18 36 2
18 37 23
18 38 81
18 39 36
18 40 32
18 41 2
18 42 55
18 43 40
18 44 70
18 45 79
18 46 44
18 47 62
18 48 16
18 49 12
18 50 53
18 51 93
18 52 32
18 53 62
18 54 10
18 55 75
18 56 10
18 57 81
18 58 84
18 59 93
18 60 22
18 61 19
18 62 43
18 63 36
18 64 80
18 65 91
18 66 83
18 67 55
18 68 7
18 69 19
18 70 99
18 71 65
18 72 62
18 73 20
18 74 27
18 75 64
18 76 71
18 77 36
18 78 61
18 79 19
18 80 31
18 81 37
18 82 8
18 83 36
18 84 77
18 85 91
18 86 8
18 87 10
18 88 48
18 89 7
18 90 5
18 91 67
18 92 84
18 93 31
18 94 86
18 95 67
18 96 97
18 97 92
18 98 88
18 99 38
19 20 34
19 21 62
19 22 21
19 23 37
19 24 33
19 25 6
19 26 4
19 27 9
19 28 27
19 29 79
19 30 97
19 31 51
19 32 34
19 33 49
19 34 63
19 35 92
19 36 53
19 37 88
19 38 84
19 39 49
19 40 61
19 41 78
19 42 19
19 43 55
19 44 66
19 45 97
19 46 75
19 47 80
19 48 69
19 49 22
19 50 48
19 51 28
19 52 7
19 53 30
19 54 6
19 55 36
19 56 51
19 57 61
19 58 96
19 59 67
19 60 2
19 61 60
19 62 62
19 63 52
19 64 72
19 65 90
19 66 65
19 67 60
19 68 43
19 69 56
19 70 8
19 71 54
19 72 48
19 73 88
19 74 58
19 75 26
19 76 77
19 77 75
19 78 2
19 79 41
19 80 23
19 81 18
19 82 54
19 83 39
19 84 49
19 85 50
19 86 13
19 87 28
19 88 87
19 89 85
19 90 35
19 91 28
19 92 36
19 93 37
19 94 12
19 95 38
19 96 7
19 97 70
19 98 93
19 99 44
20 21 34
20 22 5
20 23 2
20 24 72
20 25 32
20 26 88
20 27 8
20 28 99
20 29 28
20 30 99
20 31 2
20 32 62
20 33 39
20 34 60
20 35 76
20 36 59
20 37 99
20 38 4
20 39 89
20 40 34
20 41 98
20 42 9
20 43 46
20 44 67
20 45 41
20 46 45
20 47 54
20 48 43
20 49 76
20 50 24
20 51 18
20 52 89
20 53 66
20 54 99
20 55 90
20 56 58
20 57 24
20 58 75
20 59 44
20 60 37
20 61 57
20 62 95
20 63 97
20 64 59
20 65 79
20 66 1
20 67 13
20 68 64
20 69 66
20 70 29
20 71 1
20 72 4
20 73 99
20 74 36
20 75 30
20 76 24
20 77 22
20 78 11
20 79 72
20 80 94
20 81 32
20 82 25
20 83 25
20 84 38
20 85 93
20 86 41
20 87 18
20 88 88
20 89 98
20 90 38
20 91 100
20 92 61
20 93 40
20 94 73
20 95 55
20 96 19
20 97 64
20 98 74
20 99 54
21 22 22
21 23 5
21 24 46
21 25 79
21 26 95
21 27 53
21 28 69
21 29 1
21 30 31
21 31 47
21 32 84
21 33 91
21 34 28
21 35 14
21 36 43
21 37 54
21 38 98
21 39 59
21 40 50
21 41 53
21 42 55
21 43 43
21 44 59
21 45 61
21 46 35
21 47 71
21 48 39
21 49 71
21 50 61
21 51 33
21 52 61
21 53 35
21 54 51
21 55 77
21 56 34
21 57 85
21 58 1
21 59 62
21 60 95
21 61 15
21 62 6
21 63 79
21 64 81
21 65 78
21 66 42
21 67 50
21 68 89
21 69 81
21 70 38
21 71 93
21 72 27
21 73 35
21 74 8
21 75 60
21 76 75
21 77 99
21 78 52
21 79 68
21 80 59
21 81 91
21 82 7
21 83 27
21 84 97
21 85 81
21 86 26
21 87 82
21 88 67
21 89 60
21 90 83
21 91 34
21 92 25
21 93 50
21 94 80
21 95 94
21 96 5
21 97 53
21 98 70
21 99 39
22 23 85
22 24 15
22 25 82
22 26 78
22 27 53
22 28 99
22 29 44
22 30 94
22 31 88
22 32 61
22 33 68
22 34 76
22 35 39
22 36 30
22 37 77
22 38 37
22 39 4
22 40 68
22 41 54
22 42 90
22 43 36
22 44 79
22 45 85
22 46 5
22 47 54
22 48 6
22 49 53
22 50 7
22 51 56
22 52 89
22 53 12
22 54 13
22 55 28
22 56 81
22 57 9
22 58 94
22 59 5
22 60 57
22 61 52
22 62 12
22 63 96
22 64 40
22 65 83
22 66 39
22 67 53
22 68 97
22 69 98
22 70 5
22 71 56
22 72 26
22 73 33
22 74 44
22 75 48
22 76 19
22 77 64
22 78 41
22 79 25
22 80 62
22 81 57
22 82 18
22 83 49
22 84 99
22 85 51
22 86 6
22 87 15
22 88 78
22 89 58
22 90 31
22 91 70
22 92 22
22 93 6
22 94 95
22 95 56
22 96 54
22 97 27
22 98 49
22 99 24
23 24 47
23 25 71
23 26 6
23 27 99
23 28 50
23 29 35
23 30 64
23 31 56
23 32 81
23 33 23
23 34 54
23 35 57
23 36 53
23 37 27
23 38 95
23 39 1
23 40 76
23 41 30
23 42 36
23 43 37
23 44 60
23 45 28
23 46 30
23 47 34
23 48 96
23 49 71
23 50 2
23 51 78
23 52 36
23 53 50
23 54 12
23 55 51
23 56 38
23 57 98
23 58 49
23 59 99
23 60 75
23 61 10
23 62 46
23 63 87
23 64 48
23 65 87
23 66 61
23 67 84
23 68 55
23 69 56
23 70 80
23 71 31
23 72 82
23 73 19
23 74 15
23 75 12
23 76 47
23 77 58
23 78 46
23 79 18
23 80 4
23 81 98
23 82 73
23 83 78
23 84 66
23 85 71
23 86 18
23 87 34
23 88 88
23 89 43
23 90 7
23 91 89
23 92 95
23 93 23
23 94 8
23 95 74
23 96 16
23 97 50
23 98 93
23 99 46
24 25 50
24 26 69
24 27 45
24 28 78
24 29 59
24 30 32
24 31 94
24 32 56
24 33 18
24 34 46
24 35 5
24 36 48
24 37 84
24 38 97
24 39 4
24 40 60
24 41 31
24 42 79
24 43 91
24 44 91
24 45 38
24 46 59
24 47 60
24 48 76
24 49 76
24 50 57
24 51 35
24 52 33
24 53 86
24 54 83
24 55 77
24 56 83
24 57 76
24 58 28
24 59 50
24 60 82
24 61 66
24 62 21
24 63 67
24 64 6
24 65 82
24 66 82
24 67 78
24 68 82
24 69 54
24 70 86
24 71 25
24 72 90
24 73 62
24 74 87
24 75 61
24 76 63
24 77 49
24 78 20
24 79 10
24 80 67
24 81 49
24 82 69
24 83 54
24 84 88
24 85 82
24 86 79
24 87 42
24 88 66
24 89 43
24 90 66
24 91 46
24 92 18
24 93 27
24 94 97
24 95 65
24 96 2
24 97 66
24 98 18
24 99 76
25 26 29
25 27 19
25 28 7
25 29 76
25 30 12
25 31 38
25 32 19
25 33 55
25 34 93
25 35 61
25 36 67
25 37 44
25 38 37
25 39 97
25 40 28
25 41 20
25 42 100
25 43 49
25 44 20
25 45 46
25 46 96
25 47 55
25 48 60
25 49 83
25 50 66
25 51 96
25 52 89
25 53 92
25 54 61
25 55 61
25 56 96
25 57 38
25 58 64
25 59 85
25 60 45
25 61 30
25 62 75
25 63 12
25 64 8
25 65 14
25 66 26
25 67 93
25 68 5
25 69 25
25 70 61
25 71 98
25 72 17
25 73 54
25 74 33
25 75 28
25 76 42
25 77 81
25 78 12
25 79 62
25 80 24
25 81 64
25 82 36
25 83 10
25 84 2
25 85 95
25 86 13
25 87 69
25 88 65
25 89 8
25 90 24
25 91 3
25 92 1
25 93 46
25 94 54
25 95 82
25 96 99
25 97 98
25 98 87
25 99 49
26 27 2
26 28 27
26 29 82
26 30 43
26 31 21
26 32 55
26 33 15
26 34 55
26 35 51
26 36 95
26 37 28
26 38 18
26 39 77
26 40 22
26 41 32
26 42 32
26 43 8
26 44 91
26 45 89
26 46 2
26 47 94
26 48 51
26 49 90
26 50 23
26 51 31
26 52 12
26 53 83
26 54 7
26 55 1
26 56 52
26 57 40
26 58 46
26 59 21
26 60 36
26 61 74
26 62 52
26 63 64
26 64 38
26 65 27
26 66 60
26 67 30
26 68 9
26 69 84
26 70 55
26 71 87
26 72 27
26 73 26
26 74 92
26 75 54
26 76 81
26 77 13
26 78 67
26 79 20
26 80 63
26 81 4
26 82 86
26 83 15
26 84 91
26 85 9
26 86 64
26 87 51
26 88 48
26 89 43
26 90 6
26 91 97
26 92 57
26 93 64
26 94 44
26 95 62
26 96 90
26 97 4
26 98 80
26 99 41
27 28 95
27 29 57
27 30 1
27 31 50
27 32 62
27 33 31
27 34 27
27 35 42
27 36 15
27 37 24
27 38 81
27 39 22
27 40 20
27 41 71
27 42 80
27 43 65
27 44 13
27 45 12
27 46 59
27 47 90
27 48 36
27 49 10
27 50 9
27 51 71
27 52 25
27 53 56
27 54 42
27 55 86
27 56 21
27 57 79
27 58 6
27 59 39
27 60 26
27 61 71
27 62 86
27 63 100
27 64 51
27 65 67
27 66 26
27 67 20
27 68 9
27 69 72
27 70 52
27 71 13
27 72 41
27 73 92
27 74 82
27 75 13
27 76 56
27 77 1
27 78 21
27 79 2
27 80 72
27 81 39
27 82 17
27 83 65
27 84 4
27 85 77
27 86 41
27 87 13
27 88 80
27 89 27
27 90 17
27 91 50
27 92 26
27 93 88
27 94 61
27 95 45
27 96 85
27 97 5
27 98 56
27 99 4
28 29 38
28 30 59
28 31 56
28 32 34
28 33 54
28 34 72
28 35 12
28 36 11
28 37 25
28 38 58
28 39 68
28 40 71
28 41 63
28 42 22
28 43 54
28 44 3
28 45 62
28 46 97
28 47 48
28 48 96
28 49 21
28 50 41
28 51 59
28 52 61
28 53 71
28 54 67
28 55 7
28 56 75
28 57 92
28 58 57
28 59 61
28 60 39
28 61 40
28 62 64
28 63 55
28 64 97
28 65 65
28 66 90
28 67 79
28 68 89
28 69 58
28 70 85
28 71 54
28 72 53
28 73 5
28 74 10
28 75 65
28 76 31
28 77 87
28 78 74
28 79 49
28 80 1
28 81 49
28 82 19
28 83 14
28 84 74
28 85 49
28 86 47
28 87 62
28 88 94
28 89 26
28 90 13
28 91 56
28 92 93
28 93 90
28 94 13
28 95 55
28 96 47
28 97 90
28 98 7
28 99 64
29 30 18
29 31 1
29 32 95
29 33 94
29 34 68
29 35 84
29 36 42
29 37 9
29 38 89
29 39 71
29 40 93
29 41 6
29 42 15
29 43 66
29 44 70
29 45 96
29 46 97
29 47 60
29 48 38
29 49 88
29 50 80
29 51 55
29 52 36
29 53 60
29 54 22
29 55 7
29 56 59
29 57 29
29 58 49
29 59 18
29 60 87
29 61 22
29 62 46
29 63 95
29 64 72
29 65 31
29 66 14
29 67 13
29 68 74
29 69 52
29 70 12
29 71 93
29 72 91
29 73 76
29 74 75
29 75 78
29 76 20
29 77 13
29 78 14
29 79 94
29 80 64
29 81 60
29 82 81
29 83 10
29 84 22
29 85 50
29 86 93
29 87 5
29 88 50
29 89 46
29 90 95
29 91 74
29 92 33
29 93 72
29 94 67
29 95 48
29 96 81
29 97 14
29 98 10
29 99 77
30 31 16
30 32 70
30 33 55
30 34 77
30 35 56
30 36 87
30 37 71
30 38 58
30 39 93
30 40 13
30 41 70
30 42 47
30 43 6
30 44 28
30 45 85
30 46 35
30 47 96
30 48 25
30 49 77
30 50 43
30 51 51
30 52 79
30 53 20
30 54 81
30 55 27
30 56 10
30 57 55
30 58 74
30 59 19
30 60 56
30 61 61
30 62 26
30 63 9
30 64 6
30 65 8
30 66 41
30 67 14
30 68 63
30 69 80
30 70 91
30 71 55
30 72 53
30 73 95
30 74 50
30 75 51
30 76 58
30 77 84
30 78 20
30 79 73
30 80 32
30 81 49
30 82 72
30 83 98
30 84 42
30 85 44
30 86 12
30 87 10
30 88 10
30 89 26
30 90 94
30 91 89
30 92 11
30 93 32
30 94 32
30 95 68
30 96 58
30 97 28
30 98 85
30 99 29
31 32 9
31 33 7
31 34 61
31 35 70
31 36 69
31 37 99
31 38 61
31 39 19
31 40 99
31 41 35
31 42 1
31 43 100
31 44 37
31 45 52
31 46 97
31 47 13
31 48 78
31 49 54
31 50 90
31 51 14
31 52 39
31 53 78
31 54 54
31 55 98
31 56 69
31 57 75
31 58 19
31 59 60
31 60 80
31 61 80
31 62 11
31 63 79
31 64 70
31 65 25
31 66 38
31 67 88
31 68 50
31 69 1
31 70 12
31 71 91
31 72 31
31 73 21
31 74 62
31 75 12
31 76 10
31 77 29
31 78 19
31 79 86
31 80 74
31 81 96
31 82 11
31 83 31
31 84 36
31 85 47
31 86 75
31 87 36
31 88 55
31 89 16
31 90 65
31 91 84
31 92 97
31 93 29
31 94 54
31 95 20
31 96 5
31 97 18
31 98 25
31 99 6
32 33 57
32 34 51
32 35 18
32 36 92
32 37 10
32 38 13
32 39 68
32 40 43
32 41 18
32 42 86
32 43 56
32 44 49
32 45 84
32 46 82
32 47 34
32 48 48
32 49 88
32 50 40
32 51 36
32 52 87
32 53 81
32 54 56
32 55 62
32 56 30
32 57 85
32 58 27
32 59 78
32 60 54
32 61 89
32 62 88
32 63 19
32 64 51
32 65 66
32 66 86
32 67 9
32 68 44
32 69 18
32 70 82
32 71 58
32 72 85
32 73 52
32 74 38
32 75 16
32 76 19
32 77 29
32 78 48
32 79 88
32 80 80
32 81 35
32 82 58
32 83 55
32 84 97
32 85 79
32 86 73
32 87 19
32 88 88
32 89 12
32 90 82
32 91 87
32 92 98
32 93 31
32 94 73
32 95 60
32 96 58
32 97 34
32 98 30
32 99 32
33 34 2
33 35 54
33 36 83
33 37 14
33 38 29
33 39 77
33 40 56
33 41 95
33 42 56
33 43 7
33 44 8
33 45 13
33 46 28
33 47 61
33 48 23
33 49 39
33 50 83
33 51 73
33 52 91
33 53 78
33 54 78
33 55 34
33 56 19
33 57 51
33 58 79
33 59 90
33 60 97
33 61 12
33 62 78
33 63 1
33 64 22
33 65 45
33 66 69
33 67 17
33 68 25
33 69 53
33 70 59
33 71 81
33 72 4
33 73 20
33 74 48
33 75 35
33 76 41
33 77 63
33 78 55
33 79 33
33 80 75
33 81 14
33 82 100
33 83 31
33 84 74
33 85 51
33 86 1
33 87 16
33 88 82
33 89 1
33 90 77
33 91 38
33 92 91
33 93 2
33 94 6
33 95 1
33 96 26
33 97 74
33 98 10
33 99 78
34 35 96
34 36 28
34 37 73
34 38 23
34 39 87
34 40 96
34 41 38
34 42 73
34 43 29
34 44 52
34 45 50
34 46 83
34 47 69
34 48 25
34 49 11
34 50 86
34 51 84
34 52 21
34 53 18
34 54 8
34 55 23
34 56 89
34 57 40
34 58 66
34 59 60
34 60 28
34 61 82
34 62 9
34 63 67
34 64 62
34 65 60
34 66 76
34 67 30
34 68 67
34 69 89
34 70 99
34 71 50
34 72 40
34 73 57
34 74 93
34 75 26
34 76 18
34 77 70
34 78 53
34 79 25
34 80 25
34 81 96
34 82 45
34 83 40
34 84 26
34 85 60
34 86 15
34 87 82
34 88 82
34 89 19
34 90 60
34 91 59
34 92 36
34 93 36
34 94 99
34 95 70
34 96 57
34 97 68
34 98 18
34 99 5
35 36 46
35 37 17
35 38 68
35 39 78
35 40 43
35 41 65
35 42 86
35 43 90
35 44 74
35 45 84
35 46 23
35 47 36
35 48 11
35 49 33
35 50 76
35 51 50
35 52 14
35 53 91
35 54 8
35 55 87
35 56 97
35 57 3
35 58 20
35 59 68
35 60 11
35 61 83
35 62 2
35 63 55
35 64 91
35 65 99
35 66 46
35 67 90
35 68 70
35 69 63
35 70 8
35 71 1
35 72 99
35 73 36
35 74 62
35 75 28
35 76 44
35 77 58
35 78 70
35 79 5
35 80 66
35 81 40
35 82 51
35 83 34
35 84 71
35 85 93
35 86 75
35 87 44
35 88 37
35 89 53
35 90 67
35 91 63
35 92 15
35 93 75
35 94 49
35 95 27
35 96 13
35 97 69
35 98 34
35 99 59
36 37 81
36 38 97
36 39 9
36 40 66
36 41 8
36 42 75
36 43 100
36 44 2
36 45 99
36 46 86
36 47 63
36 48 79
36 49 19
36 50 91
36 51 20
36 52 93
36 53 11
36 54 53
36 55 77
36 56 87
36 57 33
36 58 32
36 59 47
36 60 30
36 61 87
36 62 43
36 63 7
36 64 19
36 65 10
36 66 84
36 67 59
36 68 93
36 69 96
36 70 64
36 71 37
36 72 97
36 73 24
36 74 72
36 75 74
36 76 54
36 77 20
36 78 74
36 79 68
36 80 94
36 81 53
36 82 92
36 83 5
36 84 93
36 85 94
36 86 27
36 87 70
36 88 12
36 89 1
36 90 60
36 91 14
36 92 38
36 93 34
36 94 4
36 95 81
36 96 94
36 97 56
36 98 42
36 99 12
37 38 32
37 39 40
37 40 93
37 41 46
37 42 76
37 43 73
37 44 97
37 45 53
37 46 85
37 47 7
37 48 60
37 49 36
37 50 7
37 51 78
37 52 32
37 53 24
37 54 37
37 55 50
37 56 73
37 57 100
37 58 2
37 59 14
37 60 72
37 61 61
37 62 24
37 63 52
37 64 79
37 65 9
37 66 15
37 67 3
37 68 98
37 69 17
37 70 10
37 71 68
37 72 6
37 73 44
37 74 82
37 75 67
37 76 23
37 77 82
37 78 96
37 79 37
37 80 91
37 81 47
37 82 40
37 83 68
37 84 4
37 85 87
37 86 52
37 87 54
37 88 27
37 89 2
37 90 34
37 91 14
37 92 29
37 93 58
37 94 76
37 95 5
37 96 9
37 97 80
37 98 93
37 99 71
38 39 66
38 40 17
38 41 35
38 42 89
38 43 17
38 44 8
38 45 69
38 46 39
38 47 91
38 48 67
38 49 65
38 50 21
38 51 35
38 52 55
38 53 85
38 54 60
38 55 21
38 56 32
38 57 35
38 58 20
38 59 26
38 60 61
38 61 82
38 62 36
38 63 91
38 64 75
38 65 90
38 66 97
38 67 4
38 68 97
38 69 29
38 70 26
38 71 30
38 72 72
38 73 94
38 74 64
38 75 85
38 76 13
38 77 4
38 78 2
38 79 29
38 80 73
38 81 54
38 82 3
38 83 94
38 84 32
38 85 64
38 86 94
38 87 1
38 88 25
38 89 19
38 90 65
38 91 78
38 92 20
38 93 65
38 94 22
38 95 40
38 96 42
38 97 76
38 98 40
38 99 45
39 40 45
39 41 25
39 42 37
39 43 60
39 44 31
39 45 34
39 46 17
39 47 80
39 48 62
39 49 77
39 50 9
39 51 63
39 52 62
39 53 61
39 54 35
39 55 28
39 56 49
39 57 61
39 58 12
39 59 28
39 60 78
39 61 67
39 62 50
39 63 20
39 64 36
39 65 9
39 66 92
39 67 25
39 68 69
39 69 42
39 70 94
39 71 65
39 72 17
39 73 43
39 74 97
39 75 63
39 76 90
39 77 26
39 78 92
39 79 6
39 80 73
39 81 78
39 82 32
39 83 63
39 84 85
39 85 52
39 86 73
39 87 63
39 88 53
39 89 38
39 90 58
39 91 14
39 92 79
39 93 94
39 94 96
39 95 45
39 96 38
39 97 50
39 98 27
39 99 96
40 41 63
40 42 50
40 43 82
40 44 27
40 45 89
40 46 66
40 47 65
40 48 81
40 49 72
40 50 48
40 51 47
40 52 91
40 53 100
40 54 30
40 55 18
40 56 8
40 57 63
40 58 85
40 59 99
40 60 75
40 61 88
40 62 43
40 63 82
40 64 50
40 65 83
40 66 91
40 67 98
40 68 73
40 69 77
40 70 98
40 71 77
40 72 21
40 73 15
40 74 12
40 75 56
40 76 22
40 77 48
40 78 86
40 79 65
40 80 67
40 81 3
40 82 26
40 83 65
40 84 97
40 85 27
40 86 43
40 87 12
40 88 37
40 89 3
40 90 16
40 91 84
40 92 94
40 93 71
40 94 72
40 95 32
40 96 32
40 97 4
40 98 16
40 99 97
41 42 43
41 43 100
41 44 95
41 45 68
41 46 96
41 47 9
41 48 78
41 49 16
41 50 98
41 51 78
41 52 59
41 53 46
41 54 59
41 55 64
41 56 75
41 57 75
41 58 1
41 59 23
41 60 95
41 61 73
41 62 57
41 63 56
41 64 24
41 65 3
41 66 15
41 67 30
41 68 20
41 69 69
41 70 87
41 71 81
41 72 47
41 73 75
41 74 37
41 75 12
41 76 98
41 77 23
41 78 54
41 79 9
41 80 75
41 81 51
41 82 82
41 83 50
41 84 31
41 85 87
41 86 16
41 87 90
41 88 94
41 89 39
41 90 80
41 91 32
41 92 82
41 93 24
41 94 7
41 95 92
41 96 94
41 97 38
41 98 56
41 99 13
42 43 59
42 44 5
42 45 86
42 46 10
42 47 62
42 48 16
42 49 63
42 50 11
42 51 34
42 52 42
42 53 43
42 54 32
42 55 64
42 56 97
42 57 55
42 58 93
42 59 14
42 60 44
42 61 38
42 62 17
42 63 57
42 64 43
42 65 88
42 66 96
42 67 5
42 68 5
42 69 83
42 70 51
42 71 96
42 72 95
42 73 8
42 74 39
42 75 59
42 76 3
42 77 96
42 78 77
42 79 12
42 80 38
42 81 82
42 82 24
42 83 25
42 84 64
42 85 38
42 86 56
42 87 57
42 88 92
42 89 45
42 90 59
42 91 76
42 92 88
42 93 81
42 94 11
42 95 52
42 96 35
42 97 84
42 98 82
42 99 3
43 44 39
43 45 93
43 46 16
43 47 44
43 48 3
43 49 73
43 50 73
43 51 16
43 52 30
43 53 86
43 54 73
43 55 86
43 56 78
43 57 90
43 58 87
43 59 64
43 60 94
43 61 73
43 62 1
43 63 21
43 64 1
43 65 27
43 66 79
43 67 83
43 68 84
43 69 64
43 70 19
43 71 41
43 72 81
43 73 28
43 74 47
43 75 73
43 76 88
43 77 15
43 78 29
43 79 34
43 80 29
43 81 97
43 82 17
43 83 19
43 84 49
43 85 27
43 86 16
43 87 10
43 88 30
43 89 53
43 90 2
43 91 46
43 92 84
43 93 30
43 94 15
43 95 74
43 96 2
43 97 84
43 98 20
43 99 37
44 45 30
44 46 8
44 47 38
44 48 4
44 49 16
44 50 24
44 51 74
44 52 45
44 53 92
44 54 90
44 55 37
44 56 91
44 57 36
44 58 77
44 59 20
44 60 63
44 61 82
44 62 42
44 63 70
44 64 45
44 65 76
44 66 93
44 67 51
44 68 64
44 69 87
44 70 65
44 71 12
44 72 22
44 73 24
44 74 49
44 75 12
44 76 59
44 77 68
44 78 13
44 79 98
44 80 21
44 81 41
44 82 61
44 83 49
44 84 78
44 85 15
44 86 45
44 87 90
44 88 97
44 89 94
44 90 90
44 91 10
44 92 4
44 93 94
44 94 3
44 95 100
44 96 62
44 97 87
44 98 8
44 99 15
45 46 12
45 47 32
45 48 89
45 49 36
45 50 53
45 51 32
45 52 34
45 53 10
45 54 38
45 55 15
45 56 19
45 57 52
45 58 75
45 59 71
45 60 98
45 61 92
45 62 96
45 63 34
45 64 14
45 65 20
45 66 44
45 67 87
45 68 55
45 69 38
45 70 45
45 71 6
45 72 68
45 73 14
45 74 56
45 75 53
45 76 41
45 77 38
45 78 7
45 79 49
45 80 83
45 81 100
45 82 28
45 83 36
45 84 81
45 85 68
45 86 36
45 87 1
45 88 7
45 89 41
45 90 7
45 91 95
45 92 15
45 93 79
45 94 39
45 95 14
45 96 43
45 97 57
45 98 65
45 99 11
46 47 68
46 48 82
46 49 75
46 50 73
46 51 1
46 52 64
46 53 16
46 54 17
46 55 56
46 56 83
46 57 47
46 58 10
46 59 1
46 60 71
46 61 17
46 62 89
46 63 82
46 64 53
46 65 87
46 66 75
46 67 49
46 68 39
46 69 92
46 70 58
46 71 59
46 72 64
46 73 36
46 74 91
46 75 52
46 76 70
46 77 9
46 78 10
46 79 87
46 80 80
46 81 39
46 82 80
46 83 80
46 84 80
46 85 38
46 86 9
46 87 20
46 88 90
46 89 11
46 90 38
46 91 58
46 92 53
46 93 52
46 94 37
46 95 100
46 96 56
46 97 38
46 98 48
46 99 76
47 48 39
47 49 56
47 50 93
47 51 23
47 52 38
47 53 15
47 54 94
47 55 97
47 56 35
47 57 48
47 58 4
47 59 94
47 60 96
47 61 26
47 62 1
47 63 87
47 64 22
47 65 21
47 66 68
47 67 18
47 68 63
47 69 38
47 70 69
47 71 57
47 72 15
47 73 77
47 74 67
47 75 55
47 76 9
47 77 84
47 78 30
47 79 83
47 80 94
47 81 70
47 82 49
47 83 42
47 84 1
47 85 53
47 86 100
47 87 19
47 88 35
47 89 26
47 90 93
47 91 93
47 92 40
47 93 38
47 94 80
47 95 22
47 96 86
47 97 37
47 98 80
47 99 92
48 49 96
48 50 87
48 51 3
48 52 51
48 53 64
48 54 59
48 55 92
48 56 89
48 57 8
48 58 70
48 59 22
48 60 9
48 61 82
48 62 49
48 63 66
48 64 66
48 65 13
48 66 45
48 67 24
48 68 39
48 69 95
48 70 32
48 71 52
48 72 93
48 73 44
48 74 22
48 75 7
48 76 7
48 77 87
48 78 70
48 79 43
48 80 6
48 81 44
48 82 62
48 83 80
48 84 10
48 85 87
48 86 95
48 87 47
48 88 36
48 89 19
48 90 24
48 91 10
48 92 46
48 93 33
48 94 87
48 95 12
48 96 79
48 97 56
48 98 44
48 99 42
49 50 16
49 51 99
49 52 95
49 53 20
49 54 10
49 55 71
49 56 29
49 57 18
49 58 5
49 59 62
49 60 88
49 61 34
49 62 96
49 63 42
49 64 40
49 65 82
49 66 54
49 67 84
49 68 55
49 69 83
49 70 24
49 71 66
49 72 84
49 73 13
49 74 56
49 75 46
49 76 65
49 77 26
49 78 28
49 79 93
49 80 16
49 81 60
49 82 2
49 83 30
49 84 61
49 85 37
49 86 71
49 87 46
49 88 9
49 89 61
49 90 21
49 91 40
49 92 18
49 93 90
49 94 41
49 95 29
49 96 20
49 97 9
49 98 90
49 99 40
50 51 3
50 52 71
50 53 27
50 54 30
50 55 35
50 56 55
50 57 20
50 58 26
50 59 40
50 60 71
50 61 27
50 62 2
50 63 48
50 64 47
50 65 47
50 66 83
50 67 34
50 68 90
50 69 41
50 70 83
50 71 25
50 72 82
50 73 93
50 74 69
50 75 67
50 76 38
50 77 41
50 78 59
50 79 38
50 80 12
50 81 5
50 82 61
50 83 88
50 84 87
50 85 72
50 86 29
50 87 69
50 88 81
50 89 14
50 90 46
50 91 20
50 92 70
50 93 74
50 94 67
50 95 54
50 96 17
50 97 59
50 98 1
50 99 85
51 52 12
51 53 64
51 54 44
51 55 14
51 56 68
51 57 60
51 58 57
51 59 93
51 60 83
51 61 78
51 62 61
51 63 96
51 64 70
51 65 86
51 66 62
51 67 27
51 68 67
51 69 50
51 70 28
51 71 99
51 72 91
51 73 96
51 74 67
51 75 54
51 76 95
51 77 22
51 78 78
51 79 74
51 80 6
51 81 64
51 82 100
51 83 4
51 84 96
51 85 64
51 86 61
51 87 93
51 88 66
51 89 32
51 90 58
51 91 27
51 92 99
51 93 74
51 94 43
51 95 60
51 96 6
51 97 59
51 98 98
51 99 39
52 53 18
52 54 9
52 55 96
52 56 53
52 57 12
52 58 80
52 59 19
52 60 75
52 61 88
52 62 75
52 63 34
52 64 1
52 65 91
52 66 48
52 67 52
52 68 7
52 69 74
52 70 76
52 71 90
52 72 61
52 73 19
52 74 26
52 75 55
52 76 45
52 77 28
52 78 73
52 79 78
52 80 94
52 81 86
52 82 56
52 83 43
52 84 9
52 85 82
52 86 37
52 87 88
52 88 36
52 89 36
52 90 42
52 91 96
52 92 71
52 93 71
52 94 76
52 95 16
52 96 42
52 97 62
52 98 63
52 99 5
53 54 33
53 55 68
53 56 12
53 57 20
53 58 7
53 59 22
53 60 41
53 61 47
53 62 91
53 63 71
53 64 34
53 65 49
53 66 38
53 67 15
53 68 70
53 69 81
53 70 85
53 71 6
53 72 93
53 73 75
53 74 38
53 75 5
53 76 27
53 77 19
53 78 17
53 79 81
53 80 51
53 81 40
53 82 86
53 83 89
53 84 96
53 85 24
53 86 100
53 87 75
53 88 31
53 89 90
53 90 29
53 91 77
53 92 88
53 93 91
53 94 48
53 95 89
53 96 43
53 97 20
53 98 34
53 99 89
54 55 69
54 56 52
54 57 33
54 58 76
54 59 82
54 60 68
54 61 26
54 62 61
54 63 50
54 64 39
54 65 91
54 66 71
54 67 71
54 68 13
54 69 97
54 70 7
54 71 97
54 72 75
54 73 41
54 74 1
54 75 58
54 76 84
54 77 82
54 78 90
54 79 67
54 80 99
54 81 94
54 82 66
54 83 68
54 84 71
54 85 71
54 86 52
54 87 82
54 88 47
54 89 42
54 90 71
54 91 44
54 92 25
54 93 93
54 94 80
54 95 35
54 96 15
54 97 19
54 98 25
54 99 33
55 56 57
55 57 52
55 58 85
55 59 60
55 60 74
55 61 33
55 62 67
55 63 64
55 64 7
55 65 30
55 66 14
55 67 17
55 68 16
55 69 22
55 70 90
55 71 20
55 72 58
55 73 61
55 74 22
55 75 89
55 76 97
55 77 99
55 78 78
55 79 77
55 80 53
55 81 76
55 82 82
55 83 24
55 84 98
55 85 72
55 86 12
55 87 69
55 88 94
55 89 90
55 90 5
55 91 3
55 92 72
55 93 56
55 94 58
55 95 22
55 96 34
55 97 11
55 98 95
55 99 25
56 57 42
56 58 30
56 59 79
56 60 32
56 61 23
56 62 70
56 63 70
56 64 95
56 65 90
56 66 44
56 67 22
56 68 98
56 69 56
56 70 46
56 71 26
56 72 13
56 73 13
56 74 67
56 75 55
56 76 2
56 77 52
56 78 82
56 79 47
56 80 23
56 81 62
56 82 26
56 83 74
56 84 49
56 85 14
56 86 23
56 87 87
56 88 3
56 89 54
56 90 57
56 91 35
56 92 27
56 93 52
56 94 70
56 95 63
56 96 65
56 97 94
56 98 55
56 99 76
57 58 69
57 59 30
57 60 14
57 61 83
57 62 12
57 63 47
57 64 31
57 65 93
57 66 64
57 67 90
57 68 26
57 69 7
57 70 44
57 71 49
57 72 89
57 73 94
57 74 97
57 75 15
57 76 81
57 77 79
57 78 72
57 79 92
57 80 28
57 81 52
57 82 93
57 83 56
57 84 19
57 85 13
57 86 30
57 87 25
57 88 18
57 89 62
57 90 86
57 91 79
57 92 62
57 93 71
57 94 45
57 95 41
57 96 35
57 97 70
57 98 48
57 99 35
58 59 71
58 60 35
58 61 27
58 62 20
58 63 67
58 64 9
58 65 41
58 66 11
58 67 26
58 68 23
58 69 70
58 70 92
58 71 9
58 72 79
58 73 56
58 74 59
58 75 50
58 76 85
58 77 31
58 78 27
58 79 23
58 80 93
58 81 6
58 82 74
58 83 55
58 84 59
58 85 93
58 86 98
58 87 98
58 88 93
58 89 16
58 90 15
58 91 33
58 92 6
58 93 24
58 94 19
58 95 5
58 96 8
58 97 81
58 98 40
58 99 81
59 60 89
59 61 51
59 62 33
59 63 80
59 64 46
59 65 4
59 66 5
59 67 82
59 68 31
59 69 35
59 70 45
59 71 5
59 72 36
59 73 83
59 74 92
59 75 72
59 76 88
59 77 52
59 78 33
59 79 97
59 80 70
59 81 52
59 82 98
59 83 14
59 84 4
59 85 89
59 86 51
59 87 25
59 88 78
59 89 81
59 90 73
59 91 72
59 92 74
59 93 100
59 94 43
59 95 75
59 96 55
59 97 100
59 98 45
59 99 61
60 61 36
60 62 31
60 63 28
60 64 15
60 65 68
60 66 63
60 67 25
60 68 26
60 69 58
60 70 14
60 71 95
60 72 52
60 73 33
60 74 62
60 75 60
60 76 11
60 77 41
60 78 29
60 79 11
60 80 88
60 81 74
60 82 40
60 83 77
60 84 11
60 85 34
60 86 17
60 87 15
60 88 32
60 89 70
60 90 21
60 91 59
60 92 99
60 93 56
60 94 68
60 95 12
60 96 47
60 97 1
60 98 89
60 99 86
61 62 55
61 63 5
61 64 36
61 65 58
61 66 60
61 67 36
61 68 41
61 69 80
61 70 29
61 71 69
61 72 95
61 73 75
61 74 39
61 75 35
61 76 59
61 77 42
61 78 81
61 79 21
61 80 46
61 81 17
61 82 84
61 83 59
61 84 42
61 85 34
61 86 41
61 87 69
61 88 42
61 89 21
61 90 15
61 91 91
61 92 98
61 93 28
61 94 82
61 95 58
61 96 97
61 97 74
61 98 40
61 99 7
62 63 71
62 64 41
62 65 1
62 66 52
62 67 77
62 68 50
62 69 97
62 70 20
62 71 98
62 72 48
62 73 96
62 74 46
62 75 67
62 76 92
62 77 67
62 78 86
62 79 56
62 80 55
62 81 9
62 82 24
62 83 83
62 84 64
62 85 35
62 86 72
62 87 98
62 88 19
62 89 23
62 90 52
62 91 69
62 92 35
62 93 12
62 94 53
62 95 73
62 96 57
62 97 58
62 98 11
62 99 39
63 64 77
63 65 38
63 66 21
63 67 33
63 68 7
63 69 73
63 70 38
63 71 46
63 72 40
63 73 5
63 74 85
63 75 16
63 76 68
63 77 45
63 78 93
63 79 69
63 80 66
63 81 54
63 82 6
63 83 21
63 84 54
63 85 66
63 86 33
63 87 87
63 88 93
63 89 75
63 90 57
63 91 66
63 92 62
63 93 46
63 94 100
63 95 80
63 96 32
63 97 71
63 98 84
63 99 7
64 65 79
64 66 25
64 67 12
64 68 7
64 69 60
64 70 52
64 71 74
64 72 9
64 73 69
64 74 80
64 75 45
64 76 28
64 77 82
64 78 31
64 79 19
64 80 12
64 81 25
64 82 59
64 83 45
64 84 82
64 85 21
64 86 5
64 87 83
64 88 51
64 89 55
64 90 82
64 91 21
64 92 3
64 93 84
64 94 93
64 95 67
64 96 53
64 97 7
64 98 46
64 99 93
65 66 57
65 67 16
65 68 74
65 69 92
65 70 45
65 71 23
65 72 50
65 73 70
65 74 22
65 75 57
65 76 55
65 77 85
65 78 13
65 79 45
65 80 10
65 81 68
65 82 8
65 83 45
65 84 3
65 85 99
65 86 89
65 87 83
65 88 80
65 89 1
65 90 70
65 91 25
65 92 85
65 93 54
65 94 99
65 95 24
65 96 73
65 97 58
65 98 78
65 99 29
66 67 97
66 68 50
66 69 21
66 70 98
66 71 14
66 72 58
66 73 75
66 74 90
66 75 30
66 76 13
66 77 79
66 78 54
66 79 32
66 80 20
66 81 51
66 82 36
66 83 68
66 84 77
66 85 18
66 86 40
66 87 60
66 88 53
66 89 42
66 90 22
66 91 64
66 92 68
66 93 30
66 94 93
66 95 3
66 96 58
66 97 74
66 98 30
66 99 85
67 68 87
67 69 39
67 70 5
67 71 62
67 72 8
67 73 3
67 74 21
67 75 75
67 76 100
67 77 29
67 78 34
67 79 13
67 80 4
67 81 13
67 82 56
67 83 79
67 84 61
67 85 42
67 86 66
67 87 21
67 88 51
67 89 3
67 90 25
67 91 41
67 92 2
67 93 40
67 94 73
67 95 37
67 96 70
67 97 69
67 98 69
67 99 96
68 69 100
68 70 35
68 71 31
68 72 97
68 73 69
68 74 43
68 75 39
68 76 72
68 77 39
68 78 55
68 79 22
68 80 82
68 81 81
68 82 74
68 83 58
68 84 9
68 85 39
68 86 48
68 87 90
68 88 94
68 89 14
68 90 90
68 91 7
68 92 63
68 93 90
68 94 47
68 95 20
68 96 70
68 97 64
68 98 7
68 99 26
69 70 86
69 71 91
69 72 44
69 73 17
69 74 87
69 75 98
69 76 1
69 77 95
69 78 76
69 79 31
69 80 89
69 81 73
69 82 20
69 83 89
69 84 6
69 85 31
69 86 55
69 87 11
69 88 62
69 89 26
69 90 63
69 91 28
69 92 15
69 93 93
69 94 60
69 95 52
69 96 61
69 97 33
69 98 40
69 99 82
70 71 80
70 72 21
70 73 66
70 74 100
70 75 2
70 76 61
70 77 21
70 78 57
70 79 38
70 80 35
70 81 94
70 82 55
70 83 72
70 84 83
70 85 67
70 86 27
70 87 86
70 88 97
70 89 73
70 90 28
70 91 94
70 92 55
70 93 35
70 94 48
70 95 59
70 96 31
70 97 64
70 98 90
70 99 72
71 72 70
71 73 39
71 74 19
71 75 41
71 76 7
71 77 14
71 78 88
71 79 44
71 80 52
71 81 82
71 82 9
71 83 51
71 84 3
71 85 37
71 86 43
71 87 41
71 88 61
71 89 27
71 90 5
71 91 6
71 92 84
71 93 86
71 94 13
71 95 32
71 96 23
71 97 40
71 98 10
71 99 26
72 73 19
72 74 70
72 75 19
72 76 13
72 77 47
72 78 35
72 79 43
72 80 92
72 81 39
72 82 2
72 83 96
72 84 12
72 85 95
72 86 82
72 87 44
72 88 68
72 89 63
72 90 85
72 91 44
72 92 29
72 93 61
72 94 64
72 95 39
72 96 16
72 97 66
72 98 64
72 99 35
73 74 56
73 75 16
73 76 33
73 77 62
73 78 31
73 79 49
73 80 53
73 81 8
73 82 82
73 83 58
73 84 53
73 85 87
73 86 74
73 87 6
73 88 40
73 89 5
73 90 81
73 91 82
73 92 43
73 93 87
73 94 33
73 95 19
73 96 33
73 97 83
73 98 73
73 99 34
74 75 75
74 76 61
74 77 90
74 78 90
74 79 90
74 80 33
74 81 51
74 82 37
74 83 69
74 84 99
74 85 58
74 86 48
74 87 27
74 88 14
74 89 95
74 90 64
74 91 4
74 92 38
74 93 38
74 94 100
74 95 94
74 96 51
74 97 8
74 98 40
74 99 5
75 76 86
75 77 35
75 78 79
75 79 89
75 80 41
75 81 66
75 82 36
75 83 63
75 84 19
75 85 32
75 86 60
75 87 78
75 88 33
75 89 86
75 90 100
75 91 65
75 92 85
75 93 32
75 94 79
75 95 47
75 96 80
75 97 48
75 98 50
75 99 56
76 77 69
76 78 64
76 79 2
76 80 48
76 81 74
76 82 42
76 83 85
76 84 93
76 85 73
76 86 85
76 87 68
76 88 18
76 89 47
76 90 45
76 91 8
76 92 36
76 93 44
76 94 1
76 95 82
76 96 54
76 97 53
76 98 22
76 99 67
77 78 12
77 79 43
77 80 94
77 81 85
77 82 32
77 83 36
77 84 85
77 85 31
77 86 44
77 87 73
77 88 13
77 89 8
77 90 91
77 91 37
77 92 72
77 93 93
77 94 22
77 95 58
77 96 28
77 97 60
77 98 67
77 99 54
78 79 13
78 80 42
78 81 86
78 82 40
78 83 26
78 84 65
78 85 31
78 86 33
78 87 12
78 88 91
78 89 85
78 90 81
78 91 20
78 92 5
78 93 31
78 94 37
78 95 78
78 96 92
78 97 7
78 98 3
78 99 8
79 80 45
79 81 63
79 82 84
79 83 100
79 84 92
79 85 67
79 86 80
79 87 6
79 88 99
79 89 54
79 90 37
79 91 91
79 92 51
79 93 33
79 94 91
79 95 93
79 96 62
79 97 76
79 98 65
79 99 23
80 81 66
80 82 13
80 83 15
80 84 6
80 85 33
80 86 81
80 87 35
80 88 43
80 89 72
80 90 85
80 91 41
80 92 71
80 93 51
80 94 71
80 95 41
80 96 93
80 97 52
80 98 68
80 99 35
81 82 3
81 83 94
81 84 4
81 85 32
81 86 37
81 87 20
81 88 82
81 89 71
81 90 88
81 91 58
81 92 5
81 93 60
81 94 27
81 95 75
81 96 30
81 97 45
81 98 51
81 99 81
82 83 81
82 84 27
82 85 63
82 86 94
82 87 89
82 88 28
82 89 39
82 90 48
82 91 59
82 92 57
82 93 45
82 94 41
82 95 46
82 96 58
82 97 65
82 98 82
82 99 49
83 84 13
83 85 71
83 86 62
83 87 50
83 88 68
83 89 25
83 90 96
83 91 97
83 92 74
83 93 90
83 94 54
83 95 26
83 96 48
83 97 56
83 98 19
83 99 65
84 85 63
84 86 39
84 87 35
84 88 3
84 89 3
84 90 39
84 91 31
84 92 46
84 93 60
84 94 92
84 95 55
84 96 34
84 97 21
84 98 39
84 99 22
85 86 34
85 87 31
85 88 36
85 89 72
85 90 77
85 91 61
85 92 35
85 93 33
85 94 81
85 95 38
85 96 64
85 97 93
85 98 2
85 99 82
86 87 4
86 88 28
86 89 88
86 90 44
86 91 97
86 92 95
86 93 10
86 94 9
86 95 39
86 96 6
86 97 33
86 98 100
86 99 30
87 88 65
87 89 75
87 90 55
87 91 88
87 92 38
87 93 57
87 94 98
87 95 9
87 96 48
87 97 7
87 98 15
87 99 100
88 89 100
88 90 88
88 91 11
88 92 30
88 93 54
88 94 74
88 95 94
88 96 25
88 97 7
88 98 57
88 99 16
89 90 48
89 91 34
89 92 24
89 93 21
89 94 30
89 95 37
89 96 83
89 97 82
89 98 33
89 99 96
90 91 47
90 92 38
90 93 15
90 94 73
90 95 49
90 96 74
90 97 44
90 98 75
90 99 25
91 92 33
91 93 31
91 94 42
91 95 20
91 96 26
91 97 41
91 98 19
91 99 5
92 93 84
92 94 8
92 95 80
92 96 99
92 97 35
92 98 44
92 99 3
93 94 28
93 95 91
93 96 45
93 97 28
93 98 40
93 99 76
94 95 25
94 96 8
94 97 31
94 98 90
94 99 18
95 96 59
95 97 78
95 98 92
95 99 35
96 97 6
96 98 62
96 99 90
97 98 30
97 99 60
98 99 36
